0 1 5
1 5 6
1 2 6
2 6 7
2 3 7
3 7 8
3 4 8
4 8 9
5 6 10
6 10 11
6 7 11
7 11 12
7 8 12
8 12 13
8 9 13
9 13 14
10 11 15
11 15 16
11 12 16
12 16 17
12 13 17
13 17 18
13 14 18
14 18 19
15 16 20
16 20 21
16 17 21
17 21 22
17 18 22
18 22 23
18 19 23
19 23 24
7 25 26
18 19 27
19 27 28
19 20 28
20 28 29
20 21 29
21 29 30
21 22 30
22 30 31
22 23 31
23 31 32
23 24 32
24 32 33
24 25 33
25 33 34
25 26 34
26 34 35
27 28 36
28 36 37
28 29 37
29 37 38
29 30 38
30 38 39
30 31 39
31 39 40
31 32 40
32 40 41
32 33 41
33 41 42
33 34 42
34 42 43
34 35 43
35 43 44
36 37 45
37 45 46
37 38 46
38 46 47
38 39 47
39 47 48
39 40 48
40 48 49
40 41 49
41 49 50
41 42 50
42 50 51
42 43 51
43 51 52
43 44 52
44 52 53
45 46 54
46 54 55
46 47 55
47 55 56
47 48 56
48 56 57
48 49 57
49 57 58
49 50 58
50 58 59
50 51 59
51 59 60
51 52 60
52 60 61
52 53 61
53 61 62
54 55 63
55 63 64
55 56 64
56 64 65
56 57 65
57 65 66
57 58 66
58 66 67
58 59 67
59 67 68
59 60 68
60 68 69
60 61 69
61 69 70
61 62 70
62 70 71
63 64 72
64 72 73
64 65 73
65 73 74
65 66 74
66 74 75
66 67 75
67 75 76
67 68 76
68 76 77
68 69 77
69 77 78
69 70 78
70 78 79
70 71 79
71 79 80
