1 1
1.25 1
1.5 1
1.75 1
2 1
1 1.25
1.25 1.25
1.5 1.25
1.75 1.25
2 1.25
1 1.5
1.25 1.5
1.5 1.5
1.75 1.5
2 1.5
1 1.75
1.25 1.75
1.5 1.75
1.75 1.75
2 1.75
1 2
1.25 2
1.5 2
1.75 2
2 2
1.375 1.25
1.5 1.25
1.625 1.25
1.75 1.25
1.875 1.25
2 1.25
1 1.375
1.125 1.375
1.25 1.375
1.375 1.375
1.5 1.375
1.625 1.375
1.75 1.375
1.875 1.375
2 1.375
1 1.5
1.125 1.5
1.25 1.5
1.375 1.5
1.5 1.5
1.625 1.5
1.75 1.5
1.875 1.5
2 1.5
1 1.625
1.125 1.625
1.25 1.625
1.375 1.625
1.5 1.625
1.625 1.625
1.75 1.625
1.875 1.625
2 1.625
1 1.75
1.125 1.75
1.25 1.75
1.375 1.75
1.5 1.75
1.625 1.75
1.75 1.75
1.875 1.75
2 1.75
1 1.875
1.125 1.875
1.25 1.875
1.375 1.875
1.5 1.875
1.625 1.875
1.75 1.875
1.875 1.875
2 1.875
1 2
1.125 2
1.25 2
1.375 2
1.5 2
1.625 2
1.75 2
1.875 2
2 2
