t = : 0.000000000000000e+00
1.371908913744286e+01 1.371903209090883e+01 1.371894406927925e+01 1.371883865773145e+01 1.371873080535483e+01 1.371863631776631e+01 1.371856856465188e+01 1.371853501797168e+01 1.371852883007083e+01 1.376217022262045e+01 
1.367601683713787e+01 1.367592571426278e+01 1.367581708084919e+01 1.367570669582478e+01 1.367560894842307e+01 1.367553862441837e+01 1.367550383507567e+01 1.367549522099025e+01 1.371911234027276e+01 1.371908913744286e+01 
1.363295586594814e+01 1.363284315030735e+01 1.363272972229800e+01 1.363262984920912e+01 1.363255561241616e+01 1.363251904271354e+01 1.363251081796166e+01 1.367610129748569e+01 1.367607620784957e+01 1.367601683713787e+01 
1.358991755324202e+01 1.358979931398019e+01 1.358969762957715e+01 1.358962186629808e+01 1.358958073783599e+01 1.358957155518406e+01 1.363313832433611e+01 1.363311150771230e+01 1.363304994761868e+01 1.363295586594814e+01 
1.354692100576643e+01 1.354681475760802e+01 1.354673924331939e+01 1.354669763031669e+01 1.354668472471655e+01 1.359022579599633e+01 1.359019610495207e+01 1.359013128842958e+01 1.359003438409798e+01 1.358991755324202e+01 
1.350398487283080e+01 1.350390553686866e+01 1.350386655381860e+01 1.350385542613718e+01 1.354736279028354e+01 1.354733195845377e+01 1.354726327621970e+01 1.354716341718541e+01 1.354704431542148e+01 1.354692100576643e+01 
1.346112132951856e+01 1.346107857559420e+01 1.346107005574132e+01 1.350454606641206e+01 1.350451735456578e+01 1.350444650282373e+01 1.350434237687908e+01 1.350422219812956e+01 1.350409727031365e+01 1.350398487283080e+01 
1.341834519251060e+01 1.341833204917002e+01 1.346177809804419e+01 1.346175076794266e+01 1.346168061475666e+01 1.346157116396825e+01 1.346144613088919e+01 1.346132205573885e+01 1.346120786140535e+01 1.346112132951856e+01 
1.337566013773113e+01 1.341906530843022e+01 1.341903512084539e+01 1.341896690226728e+01 1.341885621141045e+01 1.341872286338443e+01 1.341859474112278e+01 1.341848358239177e+01 1.341839569418623e+01 1.341834519251060e+01 
1.337640998042039e+01 1.337637394175740e+01 1.337630384540680e+01 1.337619763394878e+01 1.337606194505630e+01 1.337592380887807e+01 1.337580992123832e+01 1.337572717675051e+01 1.337567780496332e+01 1.337566013773113e+01 
1.333376959303019e+01 1.333369124193750e+01 1.333358579525308e+01 1.333345620362954e+01 1.333331317315842e+01 1.333318706343798e+01 1.333310143103125e+01 1.333305943034648e+01 1.333304673755099e+01 1.337640998042039e+01 
1.329113783028129e+01 1.329102185695137e+01 1.329089302672777e+01 1.329075429557355e+01 1.329062053183947e+01 1.329052111828138e+01 1.329047450939166e+01 1.329046688215288e+01 1.333380916549078e+01 1.333376959303019e+01 
1.324852266035074e+01 1.324837924622201e+01 1.324823939003584e+01 1.324810965403264e+01 1.324800472195966e+01 1.324794462313182e+01 1.324792964438764e+01 1.329125810549871e+01 1.329122319620224e+01 1.329113783028129e+01 
1.320593215094201e+01 1.320577470007116e+01 1.320564447583423e+01 1.320554841712487e+01 1.320548956484494e+01 1.320546688473776e+01 1.324875409755940e+01 1.324873092713367e+01 1.324865083553579e+01 1.324852266035074e+01 
1.316337120439896e+01 1.316322374146586e+01 1.316312965141661e+01 1.316308444006276e+01 1.316306872960176e+01 1.320630443928989e+01 1.320628794616580e+01 1.320622166176829e+01 1.320609389191418e+01 1.320593215094201e+01 
1.312086405748173e+01 1.312075477972014e+01 1.312070708032048e+01 1.312069814861966e+01 1.316392795210203e+01 1.316390275487552e+01 1.316383897253245e+01 1.316371828983014e+01 1.316355029877833e+01 1.316337120439896e+01 
1.307845975494077e+01 1.307838926793008e+01 1.307836644384967e+01 1.312163559930961e+01 1.312159568804876e+01 1.312151210570880e+01 1.312138337314285e+01 1.312121578571113e+01 1.312102939876747e+01 1.312086405748173e+01 
1.303616589951378e+01 1.303611868576738e+01 1.307941065325651e+01 1.307937248385139e+01 1.307926166015216e+01 1.307910222539017e+01 1.307892315135661e+01 1.307874166908280e+01 1.307857951901833e+01 1.307845975494077e+01 
1.299401989888568e+01 1.303722278842235e+01 1.303721077352765e+01 1.303708725050479e+01 1.303689273517734e+01 1.303668803483898e+01 1.303650674976777e+01 1.303636201932179e+01 1.303625359155781e+01 1.303616589951378e+01 
1.299511211909518e+01 1.299508793301957e+01 1.299496645285719e+01 1.299477860948747e+01 1.299457839306072e+01 1.299439871572242e+01 1.299425440139489e+01 1.299414636281258e+01 1.299406257083501e+01 1.299401989888568e+01 

